7891234386953,0005
7891234386991,0001
7891234546739,0003
7891234546746,0004
7891234546753,0008
7891234546760,0003
7891234546784,0005
7891234546791,0006
7891234546807,0003
7891234546814,0001
7891234546821,0001
7891234549730,0003
7891234549747,0001
7891234549754,0002
7891234549792,0001
7891234575227,0003
7891234575234,0007
7891234728562,0001
7891234728586,0001
7891234728593,0001
7891234728609,0001
7891235293847,0001
7891235293861,0001
7891235328167,0001
7891235328174,0001
7891235328181,0001
7891235328198,0001
7891235328204,0001
7891235412569,0001
7891235421493,0001
7891235421516,0001
7891235423008,0001
7891235423022,0001
7891235423039,0001
7891235423046,0001
7891235458611,0002
7891235458635,0001
7891235664111,0001
7891235664128,0001
7891235664159,0001
7891235705067,0001
7891235705074,0001
7891235706248,0001
7891235706354,0001
7891235706361,0001
7891235706385,0001
7891235706392,0001
7891235706514,0001
7891235706521,0001
7891235706538,0001
7891235706545,0001
7891235706552,0001
7891235707054,0002
7891235707061,0001
7891235707078,0001
7891235707085,0001
7891235707092,0002
7891235910683,0001
7891235910720,0001
7891235983199,0001
7891235983229,0001
7891235983274,0001
7891235983281,0001
7891235983298,0001
7891235983304,0001
7891236006651,0001
7891236006675,0002
7891236006705,0002
7891236006750,0001
7891236019484,0001
7891236019491,0001
7891236019507,0001
7891236019514,0001
7891236019521,0001
7891236021739,0001
7891236021746,0002
7891236021760,0001
7891236021777,0001
7891236022316,0001
7891236022323,0001
7891236022330,0001
7891236022347,0001
7891236022354,0001
7891236040686,0001
7891236040716,0001
7891236043601,0001
7891236043618,0001
7891236043632,0001
7891236043649,0001
7891236043656,0001
7891236043663,0001
7891236043694,0001
7891236043779,0001
7891236043793,0001
7891236043809,0001
7891236044622,0001
7891236044646,0001
7891236044653,0002
7891236070546,0001
7891236070553,0002
7891236070560,0001
7891236077231,0001
7891236077248,0001
7891236077255,0001
7891236077262,0001
7891236080057,0001
7891236090315,0001
7891236090322,0001
7891236146500,0001
7891236146517,0001
7891236146524,0001
7891236146555,0001
7891236146562,0002
7891236147262,0001
7891236147286,0001
7891236147293,0001
7891236178624,0001
7891236178631,0001
7891236178792,0001
7891236178808,0001
7891236182843,0001
7891236182850,0001
7891236182874,0001
7891236194464,0001
7891236194518,0001
7891236194600,0001
7891236194617,0001
7891236196727,0001
7891236207096,0001
7891236207102,0001
7891236220361,0001
7891236220378,0002
7891236220385,0001
7891236220392,0001
7891236229821,0002
7891236229869,0001
7891236247719,0001
7891236247726,0001
7891236249683,0001
7891236249706,0001
7891236261302,0001
7891236265454,0001
7891236265461,0001
7891236265508,0001
7891236266550,0002
7891236266567,0001
7891236266574,0001
7891236268226,0001
7891236268233,0001
7891236268240,0002
7891236280471,0001
7891236280907,0001
7891236280914,0001
7891236280921,0001
7891236281058,0001
7891236287845,0001
7891236288002,0001
7891236288071,0001
7891236288361,0001
7891236289283,0004
7891236317436,0005
7891236318617,0001
7891236321990,0005
7891236324212,0001
7891236327596,0001
7891236327602,0001
7891236327619,0001
7891236332439,0001
7891236332637,0001
7891236332644,0001
7891236332668,0001
7891236338004,0001
7891236338011,0001
7891236338028,0001
7891236338035,0001
7891236340564,0001
7891236340571,0001
7891236340595,0001
7891236340601,0001
7891236340687,0001
7891236340700,0001
7891236340724,0001
7891236341905,0001
7891236341943,0001
7891236343466,0001
7891236343473,0001
7891236343480,0001
7891236343497,0001
7891236343503,0001
7891236343510,0001
7891236343558,0001
7891236343565,0001
7891236343572,0001
7891236343589,0001
7891236343596,0001
7891236343602,0001
7891236343824,0001
7891236343831,0002
7891236343862,0001
7891236343886,0001
7891236343923,0001
7891236343930,0001
7891236344715,0001
7891236344722,0001
7891236345149,0001
7891236345163,0001
7891236345170,0002
7891236345286,0001
7891236345293,0001
7891236345316,0001
7891236345477,0001
7891236345484,0001
7891236346412,0001
7891236346436,0002
7891236346443,0001
7891236346450,0001
7891236346467,0001
7891236349161,0002
7891236349178,0001
7891236349185,0001
7891236349192,0001
7891236350068,0002
7891236350075,0001
7891236350082,0001
7891236350099,0001
7891236350129,0001
7891236350136,0001
7891236350143,0001
7891236350150,0001
7891236350280,0002
7891236350297,0001
7891236350303,0001
7891236351171,0001
7891236351195,0002
7891236351201,0001
7891236351928,0001
7891236351935,0002
7891236351942,0001
7891236351966,0001
7891236352246,0001
7891236352253,0001
7891236352260,0002
7891236352451,0001
7891236352468,0002
7891236352482,0001
7891236352680,0001
7891236352697,0002
7891236352703,0001
7891236352710,0001
7891236353205,0001
7891236353212,0002
7891236353229,0001
7891236354677,0001
7891236354684,0001
7891236354691,0002
7891236354707,0001
7891236357241,0001
7891236357272,0001
7891236357722,0002
7891236357739,0001
7891236357746,0001
7891236358590,0001
7891236358606,0001
7891236358620,0001
7891236359191,0001
7891236359207,0002
7891236359238,0001
7891236359313,0001
7891236359320,0001
7891236359337,0001
7891236359375,0001
7891236359399,0001
7891236359405,0001
7891236359429,0002
7891236359436,0001
7891236359443,0001
7891236359467,0001
7891236359474,0001
7891236359481,0001
7891236359498,0002
7891236359795,0001
7891236359801,0002
7891236359818,0001
7891236359825,0001
7891236359849,0001
7891236359863,0001
7891236359924,0001
7891236359931,0001
7891236359962,0001
7891236359986,0001
7891236360395,0002
7891236360401,0001
7891236360418,0001
7891236360425,0001
7891236360654,0001
7891236360661,0001
7891236360685,0002
7891236360890,0003
7891236360906,0001
7891236361248,0002
7891236361255,0001
7891236361262,0001
7891236361354,0001
7891236361361,0001
7891236361378,0001
7891236361385,0001
7891236361392,0001
7891236361477,0002
7891236361484,0002
7891236361507,0001
7891236361675,0001
7891236361682,0001
7891236361699,0001
7891236361729,0001
7891236362672,0001
7891236362689,0002
7891236362696,0001
7891236362733,0001
7891236362740,0002
7891236362757,0001
7891236362764,0001
7891236363808,0002
7891236363822,0002
7891236363839,0001
7891236363860,0001
7891236363884,0001
7891236363907,0001
7891236363914,0001
7891236363921,0001
7891236364003,0001
7891236364027,0001
7891236364034,0001
7891236364041,0001
7891236365246,0001
7891236365253,0001
7891236365260,0001
7891236365277,0001
7891236365338,0002
7891236365352,0001
7891236365376,0001
7891236365413,0002
7891236365420,0002
7891236365444,0001
7891236365475,0001
7891236365482,0002
7891236365499,0001
7891236365505,0001
7891236365512,0001
7891236365529,0002
7891236365543,0002
7891236365581,0001
7891236365598,0001
7891236365604,0001
7891236365611,0001
7891236365628,0001
7891236366465,0001
7891236366526,0001
7891236366533,0002
7891236366557,0001
7891236366748,0001
7891236366762,0001
7891236366779,0001
7891236366786,0001
7891236367103,0001
7891236367172,0001
7891236367509,0001
7891236367646,0001
7891236367653,0001
7891236367660,0002
7891236367684,0001
7891236367790,0002
7891236367806,0001
7891236367813,0001
7891236367929,0001
7891236367943,0002
7891236368087,0001
7891236368148,0001
7891236368179,0001
7891236369251,0001
7891236369268,0002
7891236369275,0001
7891236369282,0001
7891236369350,0001
7891236369480,0001
7891236369510,0001
7891236369565,0001
7891236369992,0002
7891236370011,0001
7891236370035,0002
7891236370042,0002
7891236370073,0002
7891236370080,0002
7891236370097,0001
7891236370219,0002
7891236370226,0002
7891236370240,0002
7891236370400,0001
7891236370417,0001
7891236370424,0001
7891236370479,0001
7891236370486,0001
7891236370509,0002
7891236370516,0001
7891236370530,0001
7891236371469,0001
7891236371490,0001
7891236371582,0001
7891236371599,0001
7891236371605,0001
7891236371612,0001
7891236372084,0001
7891236372091,0002
7891236372107,0002
7891236372213,0001
7891236372237,0002
7891236372244,0001
7891236372275,0002
7891236372329,0002
7891236372336,0002
7891236372503,0001
7891236372510,0001
7891236372527,0001
7891236372534,0001
7891236372541,0001
7891236373234,0001
7891236373265,0001
7891236373319,0001
7891236373326,0002
7891236373371,0002
7891236373395,0002
7891236373678,0002
7891236373692,0001
7891236374231,0001
7891236374248,0001
7891236377058,0002
7891236377065,0001
7891236377072,0001
7891236378376,0001
7891236378383,0001
7891236379168,0002
7891236379175,0001
7891236379182,0001
7891236379892,0002
7891236379908,0002
7891236379915,0001
7891236380171,0002
7891236380218,0001
7891236380225,0002
7891236380232,0001
7891236380249,0001
7891236381093,0001
7891236381857,0001
7891236381864,0001
7891236381871,0001
7891236381888,0001
7891236382052,0002
7891236382069,0002
7891236382076,0001
7891236382809,0001
7891236382823,0001
7891236382830,0001
7891236382847,0001
7891236382854,0001
7891236382861,0001
7891236382878,0001
7891236382885,0001
7891236383998,0001
7891236384001,0001
7891236384018,0002
7891236384025,0001
7891236387491,0002
7891236387927,0001
7891236387934,0001
7891236388061,0001
7891236388078,0001
7891236389334,0001
7891236389341,0001
7891236389358,0002
7891236389365,0001
7891236390040,0001
7891236390057,0001
7891236390064,0001
7891236390828,0001
7891236390835,0002
7891236390842,0001
7891236390859,0001
7891236391078,0001
7891236391085,0001
7891236391337,0001
7891236391351,0001
7891236392143,0002
7891236392150,0001
7891236392372,0002
7891236392396,0002
7891236392402,0001
7891236393799,0001
7891236393805,0002
7891236393812,0001
7891236394192,0002
7891236394208,0002
7891236394703,0001
7891236396066,0002
7891236396080,0001
7891236396097,0001
7891236397964,0001
7891236397971,0001
7891236397988,0001
7891236397995,0002
7891236398381,0001
7891236398398,0002
7891236398404,0002
7891236398411,0001
7891236399708,0001
7891236399715,0002
7891236399722,0001
7891236402576,0001
7891236402736,0001
7891236403610,0001
7891236403627,0001
7891236403634,0002
7891236403658,0001
7891236403801,0001
7891236403825,0001
7891236403832,0001
7891236403849,0001
7891236403856,0001
7891236404068,0001
7891236404075,0001
7891236404082,0002
7891236404099,0001
7891236404105,0001
7891236404440,0001
7891236404457,0001
7891236404471,0001
7891236404488,0001
7891236405232,0001
7891236407809,0001
7891236407823,0001
7891236407830,0001
7891236407878,0001
7891236407915,0002
7891236411189,0001
7891236413961,0001
7891236413978,0002
7891236413992,0001
7891236414586,0001
7891236414593,0001
7891236414609,0001
7891236414708,0001
7891236414715,0002
7891236414722,0001
7891236414753,0001
7891236414760,0001
7891236414784,0001
7891236414791,0001
7891236414869,0001
7891236414876,0002
7891236414883,0001
7891236415149,0002
7891236415156,0003
7891236415163,0001
7891236415170,0001
7891236416467,0003
7891236416474,0002
7891236416511,0001
7891236416528,0002
7891236416535,0001
7891236416542,0001
7891236417037,0001
7891236417044,0002
7891236417051,0001
7891236417273,0001
7891236417297,0001
7891236417310,0001
7891236420914,0001
7891236420921,0002
7891236420976,0001
7891236420983,0002
7891236420990,0001
7891236421003,0001
7891236421201,0001
7891236421218,0001
7891236421225,0001
7891236421249,0001
7891236421799,0002
7891236421805,0002
7891236421843,0001
7891236421850,0002
7891236422093,0001
7891236422109,0001
7891236422116,0001
7891236422123,0001
7891236422130,0001
7891236422147,0001
7891236422154,0002
7891236422161,0001
7891236422178,0001
7891236422918,0001
7891236422925,0001
7891236422932,0001
7891236422949,0001
7891236422956,0001
7891236422963,0001
7891236422970,0002
7891236422987,0001
7891236422994,0001
7891236423014,0001
7891236423021,0001
7891236424233,0002
7891236424240,0001
7891236424257,0001
7891236424400,0001
7891236424424,0001
7891236424448,0001
7891236424462,0001
7891236424486,0001
7891236424691,0002
7891236424707,0001
7891236424714,0001
7891236424721,0001
7891236424745,0001
7891236424752,0002
7891236424769,0001
7891236424776,0001
7891236425339,0001
7891236425346,0001
7891236425384,0001
7891236425391,0001
7891236425537,0001
7891236425544,0002
7891236425551,0001
7891236425568,0001
7891236425889,0001
7891236425896,0001
7891236425902,0001
7891236425919,0001
7891236425926,0001
7891236426657,0001
7891236426664,0001
7891236426671,0002
7891236426688,0001
7891236427005,0001
7891236427012,0001
7891236427029,0001
7891236427036,0001
7891236427043,0001
7891236427067,0001
7891236427074,0001
7891236427098,0001
7891236427104,0001
7891236427920,0001
7891236427937,0001
7891236427944,0002
7891236427951,0001
7891236427982,0001
7891236427999,0001
7891236428002,0002
7891236428019,0001
7891236428552,0001
7891236428569,0001
7891236428576,0001
7891236428583,0001
7891236428590,0001
7891236428897,0001
7891236428903,0002
7891236428910,0002
7891236428927,0002
7891236428934,0002
7891236429405,0001
7891236429412,0001
7891236429429,0002
7891236429436,0001
7891236429467,0001
7891236429474,0002
7891236429481,0001
7891236429498,0001
7891236429672,0001
7891236429689,0002
7891236429702,0001
7891236429719,0001
7891236429740,0002
7891236429757,0001
7891236429764,0001
7891236430579,0001
7891236430586,0001
7891236431323,0001
7891236431330,0001
7891236431347,0001
7891236431354,0001
7891236431361,0001
7891236431798,0001
7891236431804,0001
7891236432184,0002
7891236432191,0001
7891236432207,0001
7891236432214,0001
7891236433242,0001
7891236433259,0003
7891236433266,0001
7891236433273,0001
7891236433280,0001
7891236433303,0003
7891236433310,0001
7891236433327,0001
7891236433334,0001
7891236433600,0001
7891236433617,0001
7891236433624,0001
7891236433631,0001
7891236433648,0001
7891236433822,0001
7891236433839,0001
7891236433846,0001
7891236433853,0001
7891236433860,0001
7891236435352,0001
7891236435369,0001
7891236435376,0001
7891236435383,0001
7891236435390,0001
7891236436083,0001
7891236436090,0001
7891236436106,0001
7891236436113,0001
7891236436120,0002
7891236436847,0001
7891236436854,0002
7891236436861,0001
7891236436878,0001
7891236436915,0004
7891236436922,0002
7891236436939,0002
7891236436960,0001
7891236436977,0001
7891236437745,0002
7891236437752,0001
7891236437769,0001
7891236437783,0001
7891236437806,0001
7891236437813,0001
7891236437820,0002
7891236437844,0001
7891236437967,0001
7891236437974,0002
7891236437981,0002
7891236437998,0001
7891236438001,0001
7891236438025,0001
7891236438032,0001
7891236438087,0001
7891236438094,0001
7891236438100,0001
7891236438117,0001
7891236438124,0001
7891236441995,0001
7891236442480,0001
7891236442503,0001
7891236442794,0001
7891236443609,0001
7891236444224,0001
7891236445900,0001
7891236445917,0001
7891236446105,0001
7891236446112,0001
7891236446129,0001
7891236446136,0001
7891236446143,0001
7891236446150,0002
7891236446167,0001
7891236446174,0001
7891236446181,0001
7891236446204,0002
7891236446211,0002
7891236446228,0001
7891236446259,0001
7891236446266,0003
7891236446297,0001
7891236446655,0001
7891236446662,0001
7891236446709,0002
7891236446716,0002
7891236446747,0001
7891236447126,0002
7891236447133,0001
7891236447140,0001
7891236447157,0001
7891236447164,0002
7891236447195,0001
7891236447201,0001
7891236447638,0002
7891236447645,0003
7891236447652,0002
7891236448000,0001
7891236448017,0002
7891236448031,0001
7891236448048,0001
7891236448475,0001
7891236448482,0002
7891236448499,0001
7891236448505,0001
7891236448673,0001
7891236448680,0001
7891236448697,0002
7891236448710,0001
7891236448871,0001
7891236448888,0001
7891236448932,0002
7891236449380,0002
7891236449397,0001
7891236449403,0001
7891236449472,0001
7891236449489,0002
7891236449496,0001
7891236449502,0001
7891236449984,0002
7891236449991,0002
7891236450003,0001
7891236450010,0001
7891236450027,0001
7891236450034,0001
7891236450041,0002
7891236450058,0001
7891236450065,0001
7891236450157,0002
7891236450164,0002
7891236450966,0001
7891236450973,0002
7891236450980,0001
7891236450997,0001
7891236451451,0001
7891236451468,0001
7891236451475,0001
7891236451482,0001
7891236451499,0001
7891236451505,0001
7891236451512,0003
7891236451529,0002
7891236451536,0001
7891236451550,0001
7891236451567,0001
7891236451574,0002
7891236451598,0001
7891236451611,0002
7891236451628,0001
7891236451635,0001
7891236451642,0001
7891236451758,0001
7891236451765,0001
7891236451772,0002
7891236451789,0001
7891236452205,0001
7891236452212,0002
7891236452229,0001
7891236452236,0001
7891236452250,0001
7891236452267,0001
7891236452274,0001
7891236452281,0001
7891236453394,0002
7891236453400,0001
7891236453417,0001
7891236453424,0002
7891236453998,0001
7891236454001,0002
7891236454018,0001
7891236454025,0001
7891236454049,0001
7891236454056,0002
7891236454063,0002
7891236454360,0001
7891236454377,0001
7891236454384,0001
7891236454391,0001
7891236454407,0001
7891236454414,0001
7891236454421,0001
7891236454438,0001
7891236454445,0001
7891236454452,0001
7891236454612,0001
7891236454629,0002
7891236455411,0001
7891236455428,0001
7891236455435,0001
7891236455442,0001
7891236455459,0001
7891236455718,0001
7891236455725,0001
7891236455732,0001
7891236455749,0001
7891236455756,0001
7891236455763,0001
7891236455770,0002
7891236455787,0002
7891236455817,0001
7891236455824,0002
7891236455831,0001
7891236455848,0001
7891236456104,0001
7891236456111,0001
7891236456128,0001
7891236456135,0001
7891236456142,0001
7891236456395,0001
7891236456418,0001
7891236456425,0001
7891236456432,0001
7891236456449,0001
7891236456456,0002
7891236456463,0001
7891236456470,0001
7891236456494,0001
7891236456517,0001
7891236456524,0001
7891236456531,0001
7891236456821,0001
7891236456838,0001
7891236456944,0001
7891236456951,0001
7891236456968,0001
7891236456975,0001
7891236456982,0001
7891236457040,0001
7891236457057,0001
7891236457064,0001
7891236457071,0001
7891236457095,0001
7891236457101,0001
7891236457118,0001
7891236457125,0001
7891236457132,0001
7891236457590,0001
7891236457606,0001
7891236457613,0001
7891236457651,0001
7891236457811,0001
7891236457835,0001
7891236457842,0001
7891236457859,0001
7891236457880,0001
7891236457897,0001
7891236457903,0001
7891236457927,0001
7891236457958,0001
7891236457965,0001
7891236457972,0002
7891236457989,0001
7891236457996,0001
7891236458511,0001
7891236458528,0001
7891236458535,0001
7891236458542,0001
7891236458610,0001
7891236458627,0001
7891236458634,0001
7891236458641,0001
7891236458658,0001
7891236458757,0001
7891236458764,0001
7891236458771,0001
7891236458788,0001
7891236458795,0001
7891236459327,0001
7891236459334,0002
7891236459341,0001
7891236459358,0001
7891236459556,0002
7891236459563,0003
7891236459570,0001
7891236459587,0001
7891236459600,0002
7891236459617,0002
7891236459631,0001
7891236460101,0001
7891236460118,0002
7891236460125,0002
7891236460132,0001
7891236460149,0001
7891236460200,0001
7891236460217,0001
7891236460224,0001
7891236460231,0001
7891236460248,0001
7891236460309,0002
7891236460316,0001
7891236460323,0001
7891236460330,0001
7891236460354,0001
7891236460361,0001
7891236461078,0001
7891236461085,0001
7891236461092,0001
7891236461108,0001
7891236461115,0001
7891236461191,0001
7891236461207,0002
7891236461214,0002
7891236461221,0001
7891236461238,0001
7891236461375,0001
7891236461382,0001
7891236461481,0001
7891236461498,0003
7891236461504,0001
7891236461511,0001
7891236461528,0001
7891236463010,0001
7891236463027,0001
7891236463034,0001
7891236463041,0001
7891236463058,0001
7891236463379,0001
7891236463386,0002
7891236463393,0001
7891236463416,0001
7891236463638,0001
7891236463645,0001
7891236463652,0001
7891236463669,0001
7891236463683,0001
7891236463690,0001
7891236463706,0001
7891236463911,0001
7891236463928,0002
7891236463942,0001
7891236463959,0001
7891236464000,0002
7891236464017,0002
7891236464024,0001
7891236464208,0002
7891236464222,0001
7891236464246,0001
7891236464253,0001
7891236464260,0001
7891236464277,0001
7891236464284,0001
7891236464314,0001
7891236464321,0001
7891236464338,0002
7891236464345,0001
7891236465298,0001
7891236465304,0001
7891236465311,0001
7891236465328,0001
7891236465335,0001
7891236465373,0001
7891236465564,0001
7891236465571,0002
7891236465588,0001
7891236465595,0001
7891236465601,0001
7891236465618,0001
7891236465625,0001
7891236465632,0001
7891236465649,0001
7891236465717,0001
7891236465724,0001
7891236465731,0001
7891236465748,0001
7891236465755,0001
7891236465762,0002
7891236465779,0001
7891236465786,0001
7891236466097,0001
7891236466103,0002
7891236466110,0001
7891236466127,0001
7891236466141,0001
7891236466158,0003
7891236466806,0002
7891236466813,0003
7891236466820,0001
7891236466837,0001
7891236466851,0001
7891236466868,0001
7891236467025,0001
7891236467032,0001
7891236467049,0001
7891236467056,0001
7891236467063,0001
7891236467421,0002
7891236467438,0001
7891236467445,0001
7891236467452,0001
7891236467469,0001
7891236467476,0001
7891236467483,0001
7891236467490,0001
7891236467506,0001
7891236467711,0001
7891236467728,0001
7891236467735,0001
7891236467742,0001
7891236467759,0001
7891236470278,0002
7891236470285,0002
7891236470292,0001
7891236470452,0001
7891236470469,0002
7891236470476,0001
7891236470490,0001
7891236470568,0001
7891236470599,0001
7891236470735,0002
7891236470742,0002
7891236471862,0001
7891236471886,0001
7891236471893,0001
7891236471916,0001
7891236471923,0001
7891236471930,0001
7891236471947,0001
7891236471954,0001
7891236472029,0002
7891236472036,0002
7891236472043,0002
7891236472678,0001
7891236472685,0002
7891236472692,0001
7891236472708,0001
7891236472746,0001
7891236472753,0002
7891236472760,0002
7891236472777,0001
7891236472784,0001
7891236472821,0001
7891236472838,0001
7891236472845,0001
7891236472982,0002
7891236473149,0001
7891236473156,0001
7891236473255,0002
7891236473262,0001
7891236473279,0001
7891236473286,0001
7891236473293,0001
7891236473309,0001
7891236473316,0001
7891236473323,0001
7891236473330,0001
7891236473569,0001
7891236473590,0001
7891236473606,0002
7891236473613,0001
7891236473644,0001
7891236473651,0001
7891236473668,0002
7891236473866,0001
7891236473873,0001
7891236474085,0001
7891236474092,0002
7891236474108,0001
7891236474115,0001
7891236474139,0001
7891236474146,0002
7891236474153,0001
7891236474160,0001
7891236474283,0001
7891236474290,0001
7891236476706,0001
7891236476713,0002
7891236476720,0001
7891236476737,0001
7891236476768,0001
7891236476775,0001
7891236476782,0001
7891236476799,0001
7891236476850,0001
7891236476867,0001
7891236476874,0002
7891236476898,0001
7891236477154,0001
7891236477161,0002
7891236477178,0002
7891236477185,0001
7891236477192,0001
7891236478731,0002
7891236480314,0001
7891236480338,0001
7891236480345,0002
7891236480369,0001
7891236480376,0002
7891236480475,0002
7891236480482,0001
7891236480499,0001
7891236480505,0001
7891236480529,0001
7891236480536,0001
7891236481465,0001
7891236481489,0001
7891236481496,0001
7891236481502,0001
7891236481526,0001
7891236481533,0001
7891236481557,0003
7891236481601,0002
7891236481618,0002
7891236481625,0001
7891236481946,0001
7891236481953,0001
7891236481960,0002
7891236481977,0001
7891236481984,0001
7891236481991,0001
7891236482813,0001
7891236482820,0001
7891236482837,0001
7891236482844,0001
7891236482868,0001
7891236482875,0001
7891236482882,0001
7891236482899,0001
7891236482905,0001
7891236482974,0001
7891236482981,0001
7891236483223,0001
7891236483230,0001
7891236483278,0002
7891236483285,0001
7891236483292,0001
7891236483308,0001
7891236483735,0001
7891236483742,0003
7891236483766,0001
7891236483780,0001
7891236483797,0002
7891236483803,0001
7891236483810,0001
7891236484237,0001
7891236484244,0002
7891236484251,0001
7891236484268,0001
7891236484626,0001
7891236484633,0002
7891236484657,0002
7891236485142,0001
7891236485159,0003
7891236485173,0001
7891236485371,0001
7891236485388,0001
7891236485395,0001
7891236485401,0001
7891236485425,0002
7891236485432,0002
7891236485449,0001
7891236485456,0001
7891236485463,0001
7891236486903,0001
7891236486910,0001
7891236486927,0002
7891236486934,0001
7891236487498,0001
7891236487504,0001
7891236487511,0001
7891236487528,0001
7891236489164,0001
7891236489188,0001
7891236489256,0001
7891236489263,0001
7891236489270,0001
7891236489287,0001
7891236494649,0001
7891236494656,0001
7891236494663,0002
7891236494687,0001
7891236494694,0001
7891236494700,0002
7891236494717,0001
7891236494724,0001
7891236494762,0002
7891236495240,0001
7891236495257,0001
7891236495264,0002
7891236495271,0001
7891236495301,0001
7891236495318,0001
7891236495325,0001
7891236495332,0001
7891236495349,0001
7891236495530,0001
7891236495554,0001
7891236495561,0001
7891236495578,0001
7891236495585,0001
7891236495592,0002
7891236495608,0001
7891236495615,0001
7891236495646,0002
7891236495653,0002
7891236495660,0001
7891234386953,00005
7891234386991,00001
7891234546739,00003
7891234546746,00004
7891234546753,00008
7891234546760,00003
7891234546784,00005
7891234546791,00006
7891234546807,00003
7891234546814,00001
7891234546821,00001
7891234549730,00003
7891234549747,00001
7891234549754,00002
7891234549792,00001
7891234575227,00003
7891234575234,00007
7891234728562,00001
7891234728586,00001
7891234728593,00001
7891234728609,00001
7891235293847,00001
7891235293861,00001
7891235328167,00001
7891235328174,00001
7891235328181,00001
7891235328198,00001
7891235328204,00001
7891235412569,00001
7891235421493,00001
7891235421516,00001
7891235423008,00001
7891235423022,00001
7891235423039,00001
7891235423046,00001
7891235458611,00002
7891235458635,00001
7891235664111,00001
7891235664128,00001
7891235664159,00001
7891235705067,00001
7891235705074,00001
7891235706248,00001
7891235706354,00001
7891235706361,00001
7891235706385,00001
7891235706392,00001
7891235706514,00001
7891235706521,00001
7891235706538,00001
7891235706545,00001
7891235706552,00001
7891235707054,00002
7891235707061,00001
7891235707078,00001
7891235707085,00001
7891235707092,00002
7891235910683,00001
7891235910720,00001
7891235983199,00001
7891235983229,00001
7891235983274,00001
7891235983281,00001
7891235983298,00001
7891235983304,00001
7891236006651,00001
7891236006675,00002
7891236006705,00002
7891236006750,00001
7891236019484,00001
7891236019491,00001
7891236019507,00001
7891236019514,00001
7891236019521,00001
7891236021739,00001
7891236021746,00002
7891236021760,00001
7891236021777,00001
7891236022316,00001
7891236022323,00001
7891236022330,00001
7891236022347,00001
7891236022354,00001
7891236040686,00001
7891236040716,00001
7891236043601,00001
7891236043618,00001
7891236043632,00001
7891236043649,00001
7891236043656,00001
7891236043663,00001
7891236043694,00001
7891236043779,00001
7891236043793,00001
7891236043809,00001
7891236044622,00001
7891236044646,00001
7891236044653,00002
7891236070546,00001
7891236070553,00002
7891236070560,00001
7891236077231,00001
7891236077248,00001
7891236077255,00001
7891236077262,00001
7891236080057,00001
7891236090315,00001
7891236090322,00001
7891236146500,00001
7891236146517,00001
7891236146524,00001
7891236146555,00001
7891236146562,00002
7891236147262,00001
7891236147286,00001
7891236147293,00001
7891236178624,00001
7891236178631,00001
7891236178792,00001
7891236178808,00001
7891236182843,00001
7891236182850,00001
7891236182874,00001
7891236194464,00001
7891236194518,00001
7891236194600,00001
7891236194617,00001
7891236196727,00001
7891236207096,00001
7891236207102,00001
7891236220361,00001
7891236220378,00002
7891236220385,00001
7891236220392,00001
7891236229821,00002
7891236229869,00001
7891236247719,00001
7891236247726,00001
7891236249683,00001
7891236249706,00001
7891236261302,00001
7891236265454,00001
7891236265461,00001
7891236265508,00001
7891236266550,00002
7891236266567,00001
7891236266574,00001
7891236268226,00001
7891236268233,00001
7891236268240,00002
7891236280471,00001
7891236280907,00001
7891236280914,00001
7891236280921,00001
7891236281058,00001
7891236287845,00001
7891236288002,00001
7891236288071,00001
7891236288361,00001
7891236289283,00004
7891236317436,00005
7891236318617,00001
7891236321990,00005
7891236324212,00001
7891236327596,00001
7891236327602,00001
7891236327619,00001
7891236332439,00001
7891236332637,00001
7891236332644,00001
7891236332668,00001
7891236338004,00001
7891236338011,00001
7891236338028,00001
7891236338035,00001
7891236340564,00001
7891236340571,00001
7891236340595,00001
7891236340601,00001
7891236340687,00001
7891236340700,00001
7891236340724,00001
7891236341905,00001
7891236341943,00001
7891236343466,00001
7891236343473,00001
7891236343480,00001
7891236343497,00001
7891236343503,00001
7891236343510,00001
7891236343558,00001
7891236343565,00001
7891236343572,00001
7891236343589,00001
7891236343596,00001
7891236343602,00001
7891236343824,00001
7891236343831,00002
7891236343862,00001
7891236343886,00001
7891236343923,00001
7891236343930,00001
7891236344715,00001
7891236344722,00001
7891236345149,00001
7891236345163,00001
7891236345170,00002
7891236345286,00001
7891236345293,00001
7891236345316,00001
7891236345477,00001
7891236345484,00001
7891236346412,00001
7891236346436,00002
7891236346443,00001
7891236346450,00001
7891236346467,00001
7891236349161,00002
7891236349178,00001
7891236349185,00001
7891236349192,00001
7891236350068,00002
7891236350075,00001
7891236350082,00001
7891236350099,00001
7891236350129,00001
7891236350136,00001
7891236350143,00001
7891236350150,00001
7891236350280,00002
7891236350297,00001
7891236350303,00001
7891236351171,00001
7891236351195,00002
7891236351201,00001
7891236351928,00001
7891236351935,00002
7891236351942,00001
7891236351966,00001
7891236352246,00001
7891236352253,00001
7891236352260,00002
7891236352451,00001
7891236352468,00002
7891236352482,00001
7891236352680,00001
7891236352697,00002
7891236352703,00001
7891236352710,00001
7891236353205,00001
7891236353212,00002
7891236353229,00001
7891236354677,00001
7891236354684,00001
7891236354691,00002
7891236354707,00001
7891236357241,00001
7891236357272,00001
7891236357722,00002
7891236357739,00001
7891236357746,00001
7891236358590,00001
7891236358606,00001
7891236358620,00001
7891236359191,00001
7891236359207,00002
7891236359238,00001
7891236359313,00001
7891236359320,00001
7891236359337,00001
7891236359375,00001
7891236359399,00001
7891236359405,00001
7891236359429,00002
7891236359436,00001
7891236359443,00001
7891236359467,00001
7891236359474,00001
7891236359481,00001
7891236359498,00002
7891236359795,00001
7891236359801,00002
7891236359818,00001
7891236359825,00001
7891236359849,00001
7891236359863,00001
7891236359924,00001
7891236359931,00001
7891236359962,00001
7891236359986,00001
7891236360395,00002
7891236360401,00001
7891236360418,00001
7891236360425,00001
7891236360654,00001
7891236360661,00001
7891236360685,00002
7891236360890,00003
7891236360906,00001
7891236361248,00002
7891236361255,00001
7891236361262,00001
7891236361354,00001
7891236361361,00001
7891236361378,00001
7891236361385,00001
7891236361392,00001
7891236361477,00002
7891236361484,00002
7891236361507,00001
7891236361675,00001
7891236361682,00001
7891236361699,00001
7891236361729,00001
7891236362672,00001
7891236362689,00002
7891236362696,00001
7891236362733,00001
7891236362740,00002
7891236362757,00001
7891236362764,00001
7891236363808,00002
7891236363822,00002
7891236363839,00001
7891236363860,00001
7891236363884,00001
7891236363907,00001
7891236363914,00001
7891236363921,00001
7891236364003,00001
7891236364027,00001
7891236364034,00001
7891236364041,00001
7891236365246,00001
7891236365253,00001
7891236365260,00001
7891236365277,00001
7891236365338,00002
7891236365352,00001
7891236365376,00001
7891236365413,00002
7891236365420,00002
7891236365444,00001
7891236365475,00001
7891236365482,00002
7891236365499,00001
7891236365505,00001
7891236365512,00001
7891236365529,00002
7891236365543,00002
7891236365581,00001
7891236365598,00001
7891236365604,00001
7891236365611,00001
7891236365628,00001
7891236366465,00001
7891236366526,00001
7891236366533,00002
7891236366557,00001
7891236366748,00001
7891236366762,00001
7891236366779,00001
7891236366786,00001
7891236367103,00001
7891236367172,00001
7891236367509,00001
7891236367646,00001
7891236367653,00001
7891236367660,00002
7891236367684,00001
7891236367790,00002
7891236367806,00001
7891236367813,00001
7891236367929,00001
7891236367943,00002
7891236368087,00001
7891236368148,00001
7891236368179,00001
7891236369251,00001
7891236369268,00002
7891236369275,00001
7891236369282,00001
7891236369350,00001
7891236369480,00001
7891236369510,00001
7891236369565,00001
7891236369992,00002
7891236370011,00001
7891236370035,00002
7891236370042,00002
7891236370073,00002
7891236370080,00002
7891236370097,00001
7891236370219,00002
7891236370226,00002
7891236370240,00002
7891236370400,00001
7891236370417,00001
7891236370424,00001
7891236370479,00001
7891236370486,00001
7891236370509,00002
7891236370516,00001
7891236370530,00001
7891236371469,00001
7891236371490,00001
7891236371582,00001
7891236371599,00001
7891236371605,00001
7891236371612,00001
7891236372084,00001
7891236372091,00002
7891236372107,00002
7891236372213,00001
7891236372237,00002
7891236372244,00001
7891236372275,00002
7891236372329,00002
7891236372336,00002
7891236372503,00001
7891236372510,00001
7891236372527,00016
7891236372534,00001
7891236372541,00001
7891236373234,00001
7891236373265,00001
7891236373319,00001
7891236373326,00002
7891236373371,00002
7891236373395,00002
7891236373678,00002
7891236373692,00001
7891236374231,00001
7891236374248,00001
7891236377058,00002
7891236377065,00001
7891236377072,00001
7891236378376,00001
7891236378383,00001
7891236379168,00002
7891236379175,00001
7891236379182,00001
7891236379892,00002
7891236379908,00002
7891236379915,00001
7891236380171,00002
7891236380218,00001
7891236380225,00002
7891236380232,00001
7891236380249,00001
7891236381093,00001
7891236381857,00001
7891236381864,00001
7891236381871,00001
7891236381888,00001
7891236382052,00002
7891236382069,00002
7891236382076,00001
7891236382809,00001
7891236382823,00001
7891236382830,00001
7891236382847,00001
7891236382854,00001
7891236382861,00001
7891236382878,00001
7891236382885,00001
7891236383998,00001
7891236384001,00001
7891236384018,00002
7891236384025,00001
7891236387491,00002
7891236387927,00001
7891236387934,00001
7891236388061,00001
7891236388078,00001
7891236389334,00001
7891236389341,00001
7891236389358,00002
7891236389365,00001
7891236390040,00001
7891236390057,00001
7891236390064,00001
7891236390828,00001
7891236390835,00002
7891236390842,00001
7891236390859,00001
7891236391078,00001
7891236391085,00001
7891236391337,00001
7891236391351,00001
7891236392143,00002
7891236392150,00001
7891236392372,00002
7891236392396,00002
7891236392402,00001
7891236393799,00001
7891236393805,00002
7891236393812,00001
7891236394192,00002
7891236394208,00002
7891236394703,00001
7891236396066,00002
7891236396080,00001
7891236396097,00001
7891236397964,00001
7891236397971,00001
7891236397988,00001
7891236397995,00002
7891236398381,00001
7891236398398,00002
7891236398404,00002
7891236398411,00001
7891236399708,00001
7891236399715,00002
7891236399722,00001
7891236402576,00001
7891236402736,00001
7891236403610,00001
7891236403627,00001
7891236403634,00002
7891236403658,00001
7891236403801,00001
7891236403825,00001
7891236403832,00001
7891236403849,00001
7891236403856,00001
7891236404068,00001
7891236404075,00001
7891236404082,00002
7891236404099,00001
7891236404105,00001
7891236404440,00001
7891236404457,00001
7891236404471,00001
7891236404488,00001
7891236405232,00001
7891236407809,00001
7891236407823,00001
7891236407830,00001
7891236407878,00001
7891236407915,00002
7891236411189,00001
7891236413961,00001
7891236413978,00002
7891236413992,00001
7891236414586,00001
7891236414593,00001
7891236414609,00001
7891236414708,00001
7891236414715,00002
7891236414722,00001
7891236414753,00001
7891236414760,00001
7891236414784,00001
7891236414791,00001
7891236414869,00001
7891236414876,00002
7891236414883,00001
7891236415149,00002
7891236415156,00003
7891236415163,00001
7891236415170,00001
7891236416467,00003
7891236416474,00002
7891236416511,00001
7891236416528,00002
7891236416535,00001
7891236416542,00001
7891236417037,00001
7891236417044,00002
7891236417051,00001
7891236417273,00001
7891236417297,00001
7891236417310,00001
7891236420914,00001
7891236420921,00002
7891236420976,00001
7891236420983,00002
7891236420990,00001
7891236421003,00001
7891236421201,00001
7891236421218,00001
7891236421225,00001
7891236421249,00001
7891236421799,00002
7891236421805,00002
7891236421843,00001
7891236421850,00002
7891236422093,00001
7891236422109,00001
7891236422116,00001
7891236422123,00001
7891236422130,00001
7891236422147,00001
7891236422154,00002
7891236422161,00001
7891236422178,00001
7891236422918,00001
7891236422925,00001
7891236422932,00001
7891236422949,00001
7891236422956,00001
7891236422963,00001
7891236422970,00002
7891236422987,00001
7891236422994,00001
7891236423014,00001
7891236423021,00001
7891236424233,00002
7891236424240,00001
7891236424257,00001
7891236424400,00001
7891236424424,00001
7891236424448,00001
7891236424462,00001
7891236424486,00001
7891236424691,00002
7891236424707,00001
7891236424714,00001
7891236424721,00001
7891236424745,00001
7891236424752,00002
7891236424769,00001
7891236424776,00001
7891236425339,00001
7891236425346,00001
7891236425384,00001
7891236425391,00001
7891236425537,00001
7891236425544,00002
7891236425551,00001
7891236425568,00001
7891236425889,00001
7891236425896,00001
7891236425902,00001
7891236425919,00001
7891236425926,00001
7891236426657,00001
7891236426664,00001
7891236426671,00002
7891236426688,00001
7891236427005,00001
7891236427012,00001
7891236427029,00001
7891236427036,00001
7891236427043,00001
7891236427067,00001
7891236427074,00001
7891236427098,00001
7891236427104,00001
7891236427920,00001
7891236427937,00001
7891236427944,00002
7891236427951,00001
7891236427982,00001
7891236427999,00001
7891236428002,00002
7891236428019,00001
7891236428552,00001
7891236428569,00001
7891236428576,00001
7891236428583,00001
7891236428590,00001
7891236428897,00001
7891236428903,00002
7891236428910,00002
7891236428927,00002
7891236428934,00002
7891236429405,00001
7891236429412,00001
7891236429429,00002
7891236429436,00001
7891236429467,00001
7891236429474,00002
7891236429481,00001
7891236429498,00001
7891236429672,00001
7891236429689,00002
7891236429702,00001
7891236429719,00001
7891236429740,00002
7891236429757,00001
7891236429764,00001
7891236430579,00001
7891236430586,00001
7891236431323,00001
7891236431330,00001
7891236431347,00001
7891236431354,00001
7891236431361,00001
7891236431798,00001
7891236431804,00001
7891236432184,00002
7891236432191,00001
7891236432207,00001
7891236432214,00001
7891236433242,00001
7891236433259,00003
7891236433266,00001
7891236433273,00001
7891236433280,00001
7891236433303,00003
7891236433310,00001
7891236433327,00001
7891236433334,00001
7891236433600,00001
7891236433617,00001
7891236433624,00001
7891236433631,00001
7891236433648,00001
7891236433822,00001
7891236433839,00001
7891236433846,00001
7891236433853,00001
7891236433860,00001
7891236435352,00001
7891236435369,00001
7891236435376,00001
7891236435383,00001
7891236435390,00001
7891236436083,00001
7891236436090,00001
7891236436106,00001
7891236436113,00001
7891236436120,00002
7891236436847,00001
7891236436854,00002
7891236436861,00001
7891236436878,00001
7891236436915,00004
7891236436922,00002
7891236436939,00002
7891236436960,00001
7891236436977,00001
7891236437745,00002
7891236437752,00001
7891236437769,00001
7891236437783,00001
7891236437806,00001
7891236437813,00001
7891236437820,00002
7891236437844,00001
7891236437967,00001
7891236437974,00002
7891236437981,00002
7891236437998,00001
7891236438001,00001
7891236438025,00001
7891236438032,00001
7891236438087,00001
7891236438094,00001
7891236438100,00001
7891236438117,00001
7891236438124,00001
7891236441995,00001
7891236442480,00001
7891236442503,00001
7891236442794,00001
7891236443609,00001
7891236444224,00001
7891236445900,00001
7891236445917,00001
7891236446105,00001
7891236446112,00001
7891236446129,00001
7891236446136,00001
7891236446143,00001
7891236446150,00002
7891236446167,00001
7891236446174,00001
7891236446181,00001
7891236446204,00002
7891236446211,00002
7891236446228,00001
7891236446259,00001
7891236446266,00003
7891236446297,00001
7891236446655,00001
7891236446662,00001
7891236446709,00002
7891236446716,00002
7891236446747,00001
7891236447126,00002
7891236447133,00001
7891236447140,00001
7891236447157,00001
7891236447164,00002
7891236447195,00001
7891236447201,00001
7891236447638,00002
7891236447645,00003
7891236447652,00002
7891236448000,00001
7891236448017,00002
7891236448031,00001
7891236448048,00001
7891236448475,00001
7891236448482,00002
7891236448499,00001
7891236448505,00001
7891236448673,00001
7891236448680,00001
7891236448697,00002
7891236448710,00001
7891236448871,00001
7891236448888,00001
7891236448932,00002
7891236449380,00002
7891236449397,00001
7891236449403,00001
7891236449472,00001
7891236449489,00002
7891236449496,00001
7891236449502,00001
7891236449984,00002
7891236449991,00002
7891236450003,00001
7891236450010,00001
7891236450027,00001
7891236450034,00001
7891236450041,00002
7891236450058,00001
7891236450065,00001
7891236450157,00002
7891236450164,00002
7891236450966,00001
7891236450973,00002
7891236450980,00001
7891236450997,00001
7891236451451,00001
7891236451468,00001
7891236451475,00001
7891236451482,00001
7891236451499,00001
7891236451505,00001
7891236451512,00003
7891236451529,00002
7891236451536,00001
7891236451550,00001
7891236451567,00001
7891236451574,00002
7891236451598,00001
7891236451611,00002
7891236451628,00001
7891236451635,00001
7891236451642,00001
7891236451758,00001
7891236451765,00001
7891236451772,00002
7891236451789,00001
7891236452205,00001
7891236452212,00002
7891236452229,00001
7891236452236,00001
7891236452250,00001
7891236452267,00001
7891236452274,00001
7891236452281,00001
7891236453394,00002
7891236453400,00001
7891236453417,00001
7891236453424,00002
7891236453998,00001
7891236454001,00002
7891236454018,00001
7891236454025,00001
7891236454049,00001
7891236454056,00002
7891236454063,00002
7891236454360,00001
7891236454377,00001
7891236454384,00001
7891236454391,00001
7891236454407,00001
7891236454414,00001
7891236454421,00001
7891236454438,00001
7891236454445,00001
7891236454452,00001
7891236454612,00001
7891236454629,00002
7891236455411,00001
7891236455428,00001
7891236455435,00001
7891236455442,00001
7891236455459,00001
7891236455718,00001
7891236455725,00001
7891236455732,00001
7891236455749,00001
7891236455756,00001
7891236455763,00001
7891236455770,00002
7891236455787,00002
7891236455817,00001
7891236455824,00002
7891236455831,00001
7891236455848,00001
7891236456104,00001
7891236456111,00001
7891236456128,00001
7891236456135,00001
7891236456142,00001
7891236456395,00001
7891236456418,00001
7891236456425,00001
7891236456432,00001
7891236456449,00001
7891236456456,00002
7891236456463,00001
7891236456470,00001
7891236456494,00001
7891236456517,00001
7891236456524,00001
7891236456531,00001
7891236456821,00001
7891236456838,00001
7891236456944,00001
7891236456951,00001
7891236456968,00001
7891236456975,00001
7891236456982,00001
7891236457040,00001
7891236457057,00001
7891236457064,00001
7891236457071,00001
7891236457095,00001
7891236457101,00001
7891236457118,00001
7891236457125,00001
7891236457132,00001
7891236457590,00001
7891236457606,00001
7891236457613,00001
7891236457651,00001
7891236457811,00001
7891236457835,00001
7891236457842,00001
7891236457859,00001
7891236457880,00001
7891236457897,00001
7891236457903,00001
7891236457927,00001
7891236457958,00001
7891236457965,00001
7891236457972,00002
7891236457989,00001
7891236457996,00001
7891236458511,00001
7891236458528,00001
7891236458535,00001
7891236458542,00001
7891236458610,00001
7891236458627,00001
7891236458634,00001
7891236458641,00001
7891236458658,00001
7891236458757,00001
7891236458764,00001
7891236458771,00001
7891236458788,00001
7891236458795,00001
7891236459327,00001
7891236459334,00002
7891236459341,00001
7891236459358,00001
7891236459556,00002
7891236459563,00003
7891236459570,00001
7891236459587,00001
7891236459600,00002
7891236459617,00002
7891236459631,00001
7891236460101,00001
7891236460118,00002
7891236460125,00002
7891236460132,00001
7891236460149,00001
7891236460200,00001
7891236460217,00001
7891236460224,00001
7891236460231,00001
7891236460248,00001
7891236460309,00002
7891236460316,00001
7891236460323,00001
7891236460330,00001
7891236460354,00001
7891236460361,00001
7891236461078,00001
7891236461085,00001
7891236461092,00001
7891236461108,00001
7891236461115,00001
7891236461191,00001
7891236461207,00002
7891236461214,00002
7891236461221,00001
7891236461238,00001
7891236461375,00001
7891236461382,00001
7891236461481,00001
7891236461498,00003
7891236461504,00001
7891236461511,00001
7891236461528,00001
7891236463010,00001
7891236463027,00001
7891236463034,00001
7891236463041,00001
7891236463058,00001
7891236463379,00001
7891236463386,00002
7891236463393,00001
7891236463416,00001
7891236463638,00001
7891236463645,00001
7891236463652,00001
7891236463669,00001
7891236463683,00001
7891236463690,00001
7891236463706,00001
7891236463911,00001
7891236463928,00002
7891236463942,00001
7891236463959,00001
7891236464000,00002
7891236464017,00002
7891236464024,00001
7891236464208,00002
7891236464222,00001
7891236464246,00001
7891236464253,00001
7891236464260,00001
7891236464277,00001
7891236464284,00001
7891236464314,00001
7891236464321,00001
7891236464338,00002
7891236464345,00001
7891236465298,00001
7891236465304,00001
7891236465311,00001
7891236465328,00001
7891236465335,00001
7891236465373,00001
7891236465564,00001
7891236465571,00002
7891236465588,00001
7891236465595,00001
7891236465601,00001
7891236465618,00001
7891236465625,00001
7891236465632,00001
7891236465649,00001
7891236465717,00001
7891236465724,00001
7891236465731,00001
7891236465748,00001
7891236465755,00001
7891236465762,00002
7891236465779,00001
7891236465786,00001
7891236466097,00001
7891236466103,00002
7891236466110,00001
7891236466127,00001
7891236466141,00001
7891236466158,00003
7891236466806,00002
7891236466813,00003
7891236466820,00001
7891236466837,00001
7891236466851,00001
7891236466868,00001
7891236467025,00001
7891236467032,00001
7891236467049,00001
7891236467056,00001
7891236467063,00001
7891236467421,00002
7891236467438,00001
7891236467445,00001
7891236467452,00001
7891236467469,00001
7891236467476,00001
7891236467483,00001
7891236467490,00001
7891236467506,00001
7891236467711,00001
7891236467728,00001
7891236467735,00001
7891236467742,00001
7891236467759,00001
7891236470278,00002
7891236470285,00002
7891236470292,00001
7891236470452,00012
7891236470469,00020
7891236470476,00001
7891236470490,00001
7891236470568,00001
7891236470599,00001
7891236470735,00002
7891236470742,00002
7891236471862,00001
7891236471886,00001
7891236471893,00001
7891236471916,00001
7891236471923,00001
7891236471930,00001
7891236471947,00001
7891236471954,00001
7891236472029,00002
7891236472036,00002
7891236472043,00002
7891236472678,00001
7891236472685,00002
7891236472692,00001
7891236472708,00001
7891236472746,00001
7891236472753,00002
7891236472760,00002
7891236472777,00001
7891236472784,00001
7891236472821,00001
7891236472838,00001
7891236472845,00001
7891236472982,00002
7891236473149,00001
7891236473156,00001
7891236473255,00002
7891236473262,00001
7891236473279,00001
7891236473286,00001
7891236473293,00001
7891236473309,00001
7891236473316,00001
7891236473323,00001
7891236473330,00001
7891236473569,00001
7891236473590,00001
7891236473606,00002
7891236473613,00001
7891236473644,00001
7891236473651,00001
7891236473668,00002
7891236473866,00001
7891236473873,00001
7891236474085,00001
7891236474092,00002
7891236474108,00001
7891236474115,00001
7891236474139,00001
7891236474146,00002
7891236474153,00001
7891236474160,00001
7891236474283,00001
7891236474290,00001
7891236476706,00001
7891236476713,00002
7891236476720,00001
7891236476737,00001
7891236476768,00001
7891236476775,00001
7891236476782,00001
7891236476799,00001
7891236476850,00001
7891236476867,00001
7891236476874,00002
7891236476898,00001
7891236477154,00001
7891236477161,00002
7891236477178,00002
7891236477185,00001
7891236477192,00001
7891236478731,00002
7891236480314,00001
7891236480338,00001
7891236480345,00002
7891236480369,00001
7891236480376,00002
7891236480475,00002
7891236480482,00001
7891236480499,00001
7891236480505,00001
7891236480529,00001
7891236480536,00001
7891236481465,00001
7891236481489,00001
7891236481496,00001
7891236481502,00001
7891236481526,00001
7891236481533,00001
7891236481557,00003
7891236481601,00002
7891236481618,00002
7891236481625,00001
7891236481946,00001
7891236481953,00001
7891236481960,00002
7891236481977,00001
7891236481984,00001
7891236481991,00001
7891236482813,00001
7891236482820,00001
7891236482837,00001
7891236482844,00001
7891236482868,00001
7891236482875,00001
7891236482882,00001
7891236482899,00001
7891236482905,00001
7891236482974,00001
7891236482981,00001
7891236483223,00001
7891236483230,00001
7891236483278,00002
7891236483285,00001
7891236483292,00001
7891236483308,00001
7891236483735,00001
7891236483742,00003
7891236483766,00001
7891236483780,00001
7891236483797,00002
7891236483803,00001
7891236483810,00001
7891236484237,00001
7891236484244,00002
7891236484251,00001
7891236484268,00001
7891236484626,00001
7891236484633,00002
7891236484657,00002
7891236485142,00001
7891236485159,00003
7891236485173,00001
7891236485371,00001
7891236485388,00001
7891236485395,00001
7891236485401,00001
7891236485425,00002
7891236485432,00002
7891236485449,00001
7891236485456,00001
7891236485463,00001
7891236486903,00001
7891236486910,00001
7891236486927,00002
7891236486934,00001
7891236487498,00001
7891236487504,00001
7891236487511,00001
7891236487528,00001
7891236489164,00001
7891236489188,00001
7891236489256,00001
7891236489263,00001
7891236489270,00001
7891236489287,00001
7891236494649,00001
7891236494656,00001
7891236494663,00002
7891236494687,00001
7891236494694,00001
7891236494700,00002
7891236494717,00001
7891236494724,00001
7891236494762,00002
7891236495240,00001
7891236495257,00001
7891236495264,00002
7891236495271,00001
7891236495301,00001
7891236495318,00001
7891236495325,00001
7891236495332,00001
7891236495349,00001
7891236495530,00001
7891236495554,00001
7891236495561,00001
7891236495578,00001
7891236495585,00001
7891236495592,00002
7891236495608,00001
7891236495615,00001
7891236495646,00002
7891236495653,00002
7891236495660,00001
7891234386953,00005
7891234386991,00001
7891234546739,00003
7891234546746,00004
7891234546753,00008
7891234546760,00003
7891234546784,00005
7891234546791,00006
7891234546807,00003
7891234546814,00001
7891234546821,00001
7891234549730,00003
7891234549747,00001
7891234549754,00002
7891234549792,00001
7891234575227,00003
7891234575234,00007
7891234728562,00001
7891234728586,00001
7891234728593,00001
7891234728609,00001
7891235293847,00001
7891235293861,00001
7891235328167,00001
7891235328174,00001
7891235328181,00001
7891235328198,00001
7891235328204,00001
7891235412569,00001
7891235421493,00001
7891235421516,00001
7891235423008,00001
7891235423022,00001
7891235423039,00001
7891235423046,00001
7891235458611,00002
7891235458635,00001
7891235664111,00001
7891235664128,00001
7891235664159,00001
7891235705067,00001
7891235705074,00001
7891235706248,00001
7891235706354,00001
7891235706361,00001
7891235706385,00001
7891235706392,00001
7891235706514,00001
7891235706521,00001
7891235706538,00001
7891235706545,00001
7891235706552,00001
7891235707054,00002
7891235707061,00001
7891235707078,00001
7891235707085,00001
7891235707092,00002
7891235910683,00001
7891235910720,00001
7891235983199,00001
7891235983229,00001
7891235983274,00001
7891235983281,00001
7891235983298,00001
7891235983304,00001
7891236006651,00001
7891236006675,00002
7891236006705,00002
7891236006750,00001
7891236019484,00001
7891236019491,00001
7891236019507,00001
7891236019514,00001
7891236019521,00001
7891236021739,00001
7891236021746,00002
7891236021760,00001
7891236021777,00001
7891236022316,00001
7891236022323,00001
7891236022330,00001
7891236022347,00001
7891236022354,00001
7891236040686,00001
7891236040716,00001
7891236043601,00001
7891236043618,00001
7891236043632,00001
7891236043649,00001
7891236043656,00001
7891236043663,00001
7891236043694,00001
7891236043779,00001
7891236043793,00001
7891236043809,00001
7891236044622,00001
7891236044646,00001
7891236044653,00002
7891236070546,00001
7891236070553,00002
7891236070560,00001
7891236077231,00001
7891236077248,00001
7891236077255,00001
7891236077262,00001
7891236080057,00001
7891236090315,00001
7891236090322,00001
7891236146500,00001
7891236146517,00001
7891236146524,00001
7891236146555,00001
7891236146562,00002
7891236147262,00001
7891236147286,00001
7891236147293,00001
7891236178624,00001
7891236178631,00001
7891236178792,00001
7891236178808,00001
7891236182843,00001
7891236182850,00001
7891236182874,00001
7891236194464,00001
7891236194518,00001
7891236194600,00001
7891236194617,00001
7891236196727,00001
7891236207096,00001
7891236207102,00001
7891236220361,00001
7891236220378,00002
7891236220385,00001
7891236220392,00001
7891236229821,00002
7891236229869,00001
7891236247719,00001
7891236247726,00001
7891236249683,00001
7891236249706,00001
7891236261302,00001
7891236265454,00001
7891236265461,00001
7891236265508,00001
7891236266550,00002
7891236266567,00001
7891236266574,00001
7891236268226,00001
7891236268233,00001
7891236268240,00002
7891236280471,00001
7891236280907,00001
7891236280914,00001
7891236280921,00001
7891236281058,00001
7891236287845,00001
7891236288002,00001
7891236288071,00001
7891236288361,00001
7891236289283,00004
7891236317436,00005
7891236318617,00001
7891236321990,00005
7891236324212,00001
7891236327596,00001
7891236327602,00001
7891236327619,00001
7891236332439,00001
7891236332637,00001
7891236332644,00001
7891236332668,00001
7891236338004,00001
7891236338011,00001
7891236338028,00001
7891236338035,00001
7891236340564,00001
7891236340571,00001
7891236340595,00001
7891236340601,00001
7891236340687,00001
7891236340700,00001
7891236340724,00001
7891236341905,00001
7891236341943,00001
7891236343466,00001
7891236343473,00001
7891236343480,00001
7891236343497,00001
7891236343503,00001
7891236343510,00001
7891236343558,00001
7891236343565,00001
7891236343572,00001
7891236343589,00001
7891236343596,00001
7891236343602,00001
7891236343824,00001
7891236343831,00002
7891236343862,00001
7891236343886,00001
7891236343923,00001
7891236343930,00001
7891236344715,00001
7891236344722,00001
7891236345149,00001
7891236345163,00001
7891236345170,00002
7891236345286,00001
7891236345293,00001
7891236345316,00001
7891236345477,00001
7891236345484,00001
7891236346412,00001
7891236346436,00002
7891236346443,00001
7891236346450,00001
7891236346467,00001
7891236349161,00002
7891236349178,00001
7891236349185,00001
7891236349192,00001
7891236350068,00002
7891236350075,00001
7891236350082,00001
7891236350099,00001
7891236350129,00001
7891236350136,00001
7891236350143,00001
7891236350150,00001
7891236350280,00002
7891236350297,00001
7891236350303,00001
7891236351171,00001
7891236351195,00002
7891236351201,00001
7891236351928,00001
7891236351935,00002
7891236351942,00001
7891236351966,00001
7891236352246,00001
7891236352253,00001
7891236352260,00002
7891236352451,00001
7891236352468,00002
7891236352482,00001
7891236352680,00001
7891236352697,00002
7891236352703,00001
7891236352710,00001
7891236353205,00001
7891236353212,00002
7891236353229,00001
7891236354677,00001
7891236354684,00001
7891236354691,00002
7891236354707,00001
7891236357241,00001
7891236357272,00001
7891236357722,00002
7891236357739,00001
7891236357746,00001
7891236358590,00001
7891236358606,00001
7891236358620,00001
7891236359191,00001
7891236359207,00002
7891236359238,00001
7891236359313,00001
7891236359320,00001
7891236359337,00001
7891236359375,00001
7891236359399,00001
7891236359405,00001
7891236359429,00002
7891236359436,00001
7891236359443,00001
7891236359467,00001
7891236359474,00001
7891236359481,00001
7891236359498,00002
7891236359795,00001
7891236359801,00002
7891236359818,00001
7891236359825,00001
7891236359849,00001
7891236359863,00001
7891236359924,00001
7891236359931,00001
7891236359962,00001
7891236359986,00001
7891236360395,00002
7891236360401,00001
7891236360418,00001
7891236360425,00001
7891236360654,00001
7891236360661,00001
7891236360685,00002
7891236360890,00003
7891236360906,00001
7891236361248,00002
7891236361255,00001
7891236361262,00001
7891236361354,00001
7891236361361,00001
7891236361378,00001
7891236361385,00001
7891236361392,00001
7891236361477,00002
7891236361484,00002
7891236361507,00001
7891236361675,00001
7891236361682,00001
7891236361699,00001
7891236361729,00001
7891236362672,00001
7891236362689,00002
7891236362696,00001
7891236362733,00001
7891236362740,00002
7891236362757,00001
7891236362764,00001
7891236363808,00002
7891236363822,00002
7891236363839,00001
7891236363860,00001
7891236363884,00001
7891236363907,00001
7891236363914,00001
7891236363921,00001
7891236364003,00001
7891236364027,00001
7891236364034,00001
7891236364041,00001
7891236365246,00001
7891236365253,00001
7891236365260,00001
7891236365277,00001
7891236365338,00002
7891236365352,00001
7891236365376,00001
7891236365413,00002
7891236365420,00002
7891236365444,00001
7891236365475,00001
7891236365482,00002
7891236365499,00001
7891236365505,00001
7891236365512,00001
7891236365529,00002
7891236365543,00002
7891236365581,00001
7891236365598,00001
7891236365604,00001
7891236365611,00001
7891236365628,00001
7891236366465,00001
7891236366526,00001
7891236366533,00002
7891236366557,00001
7891236366748,00001
7891236366762,00001
7891236366779,00001
7891236366786,00001
7891236367103,00001
7891236367172,00001
7891236367509,00001
7891236367646,00001
7891236367653,00001
7891236367660,00002
7891236367684,00001
7891236367790,00002
7891236367806,00001
7891236367813,00001
7891236367929,00001
7891236367943,00002
7891236368087,00001
7891236368148,00001
7891236368179,00001
7891236369251,00001
7891236369268,00002
7891236369275,00001
7891236369282,00001
7891236369350,00001
7891236369480,00001
7891236369510,00001
7891236369565,00001
7891236369992,00002
7891236370011,00001
7891236370035,00002
7891236370042,00002
7891236370073,00002
7891236370080,00002
7891236370097,00001
7891236370219,00002
7891236370226,00002
7891236370240,00002
7891236370400,00001
7891236370417,00001
7891236370424,00001
7891236370479,00001
7891236370486,00001
7891236370509,00002
7891236370516,00001
7891236370530,00001
7891236371469,00001
7891236371490,00001
7891236371582,00001
7891236371599,00001
7891236371605,00001
7891236371612,00001
7891236372084,00001
7891236372091,00002
7891236372107,00002
7891236372213,00001
7891236372237,00002
7891236372244,00001
7891236372275,00002
7891236372329,00002
7891236372336,00002
7891236372503,00001
7891236372510,00001
7891236372527,00016
7891236372534,00001
7891236372541,00001
7891236373234,00001
7891236373265,00001
7891236373319,00001
7891236373326,00002
7891236373371,00002
7891236373395,00002
7891236373678,00002
7891236373692,00001
7891236374231,00001
7891236374248,00001
7891236377058,00002
7891236377065,00001
7891236377072,00001
7891236378376,00001
7891236378383,00001
7891236379168,00002
7891236379175,00001
7891236379182,00001
7891236379892,00002
7891236379908,00002
7891236379915,00001
7891236380171,00002
7891236380218,00001
7891236380225,00002
7891236380232,00001
7891236380249,00001
7891236381093,00001
7891236381857,00001
7891236381864,00001
7891236381871,00001
7891236381888,00001
7891236382052,00002
7891236382069,00002
7891236382076,00001
7891236382809,00001
7891236382823,00001
7891236382830,00001
7891236382847,00001
7891236382854,00001
7891236382861,00001
7891236382878,00001
7891236382885,00001
7891236383998,00001
7891236384001,00001
7891236384018,00002
7891236384025,00001
7891236387491,00002
7891236387927,00001
7891236387934,00001
7891236388061,00001
7891236388078,00001
7891236389334,00001
7891236389341,00001
7891236389358,00002
7891236389365,00001
7891236390040,00001
7891236390057,00001
7891236390064,00001
7891236390828,00001
7891236390835,00002
7891236390842,00001
7891236390859,00001
7891236391078,00001
7891236391085,00001
7891236391337,00001
7891236391351,00001
7891236392143,00002
7891236392150,00001
7891236392372,00002
7891236392396,00002
7891236392402,00001
7891236393799,00001
7891236393805,00002
7891236393812,00001
7891236394192,00002
7891236394208,00002
7891236394703,00001
7891236396066,00002
7891236396080,00001
7891236396097,00001
7891236397964,00001
7891236397971,00001
7891236397988,00001
7891236397995,00002
7891236398381,00001
7891236398398,00002
7891236398404,00002
7891236398411,00001
7891236399708,00001
7891236399715,00002
7891236399722,00001
7891236402576,00001
7891236402736,00001
7891236403610,00001
7891236403627,00001
7891236403634,00002
7891236403658,00001
7891236403801,00001
7891236403825,00001
7891236403832,00001
7891236403849,00001
7891236403856,00001
7891236404068,00001
7891236404075,00001
7891236404082,00002
7891236404099,00001
7891236404105,00001
7891236404440,00001
7891236404457,00001
7891236404471,00001
7891236404488,00001
7891236405232,00001
7891236407809,00001
7891236407823,00001
7891236407830,00001
7891236407878,00001
7891236407915,00002
7891236411189,00001
7891236413961,00001
7891236413978,00002
7891236413992,00001
7891236414586,00001
7891236414593,00001
7891236414609,00001
7891236414708,00001
7891236414715,00002
7891236414722,00001
7891236414753,00001
7891236414760,00001
7891236414784,00001
7891236414791,00001
7891236414869,00001
7891236414876,00002
7891236414883,00001
7891236415149,00002
7891236415156,00003
7891236415163,00001
7891236415170,00001
7891236416467,00003
7891236416474,00002
7891236416511,00001
7891236416528,00002
7891236416535,00001
7891236416542,00001
7891236417037,00001
7891236417044,00002
7891236417051,00001
7891236417273,00001
7891236417297,00001
7891236417310,00001
7891236420914,00001
7891236420921,00002
7891236420976,00001
7891236420983,00002
7891236420990,00001
7891236421003,00001
7891236421201,00001
7891236421218,00001
7891236421225,00001
7891236421249,00001
7891236421799,00002
7891236421805,00002
7891236421843,00001
7891236421850,00002
7891236422093,00001
7891236422109,00001
7891236422116,00001
7891236422123,00001
7891236422130,00001
7891236422147,00001
7891236422154,00002
7891236422161,00001
7891236422178,00001
7891236422918,00001
7891236422925,00001
7891236422932,00001
7891236422949,00001
7891236422956,00001
7891236422963,00001
7891236422970,00002
7891236422987,00001
7891236422994,00001
7891236423014,00001
7891236423021,00001
7891236424233,00002
7891236424240,00001
7891236424257,00001
7891236424400,00001
7891236424424,00001
7891236424448,00001
7891236424462,00001
7891236424486,00001
7891236424691,00002
7891236424707,00001
7891236424714,00001
7891236424721,00001
7891236424745,00001
7891236424752,00002
7891236424769,00001
7891236424776,00001
7891236425339,00001
7891236425346,00001
7891236425384,00001
7891236425391,00001
7891236425537,00001
7891236425544,00002
7891236425551,00001
7891236425568,00001
7891236425889,00001
7891236425896,00001
7891236425902,00001
7891236425919,00001
7891236425926,00001
7891236426657,00001
7891236426664,00001
7891236426671,00002
7891236426688,00001
7891236427005,00001
7891236427012,00001
7891236427029,00001
7891236427036,00001
7891236427043,00001
7891236427067,00001
7891236427074,00001
7891236427098,00001
7891236427104,00001
7891236427920,00001
7891236427937,00001
7891236427944,00002
7891236427951,00001
7891236427982,00001
7891236427999,00001
7891236428002,00002
7891236428019,00001
7891236428552,00001
7891236428569,00001
7891236428576,00001
7891236428583,00001
7891236428590,00001
7891236428897,00001
7891236428903,00002
7891236428910,00002
7891236428927,00002
7891236428934,00002
7891236429405,00001
7891236429412,00001
7891236429429,00002
7891236429436,00001
7891236429467,00001
7891236429474,00002
7891236429481,00001
7891236429498,00001
7891236429672,00001
7891236429689,00002
7891236429702,00001
7891236429719,00001
7891236429740,00002
7891236429757,00001
7891236429764,00001
7891236430579,00001
7891236430586,00001
7891236431323,00001
7891236431330,00001
7891236431347,00001
7891236431354,00001
7891236431361,00001
7891236431798,00001
7891236431804,00001
7891236432184,00002
7891236432191,00001
7891236432207,00001
7891236432214,00001
7891236433242,00001
7891236433259,00003
7891236433266,00001
7891236433273,00001
7891236433280,00001
7891236433303,00003
7891236433310,00001
7891236433327,00001
7891236433334,00001
7891236433600,00001
7891236433617,00001
7891236433624,00001
7891236433631,00001
7891236433648,00001
7891236433822,00001
7891236433839,00001
7891236433846,00001
7891236433853,00001
7891236433860,00001
7891236435352,00001
7891236435369,00001
7891236435376,00001
7891236435383,00001
7891236435390,00001
7891236436083,00001
7891236436090,00001
7891236436106,00001
7891236436113,00001
7891236436120,00002
7891236436847,00001
7891236436854,00002
7891236436861,00001
7891236436878,00001
7891236436915,00004
7891236436922,00002
7891236436939,00002
7891236436960,00001
7891236436977,00001
7891236437745,00002
7891236437752,00001
7891236437769,00001
7891236437783,00001
7891236437806,00001
7891236437813,00001
7891236437820,00002
7891236437844,00001
7891236437967,00001
7891236437974,00002
7891236437981,00002
7891236437998,00001
7891236438001,00001
7891236438025,00001
7891236438032,00001
7891236438087,00001
7891236438094,00001
7891236438100,00001
7891236438117,00001
7891236438124,00001
7891236441995,00001
7891236442480,00001
7891236442503,00001
7891236442794,00001
7891236443609,00001
7891236444224,00001
7891236445900,00001
7891236445917,00001
7891236446105,00001
7891236446112,00001
7891236446129,00001
7891236446136,00001
7891236446143,00001
7891236446150,00002
7891236446167,00001
7891236446174,00001
7891236446181,00001
7891236446204,00002
7891236446211,00002
7891236446228,00001
7891236446259,00001
7891236446266,00003
7891236446297,00001
7891236446655,00001
7891236446662,00001
7891236446709,00002
7891236446716,00002
7891236446747,00001
7891236447126,00002
7891236447133,00001
7891236447140,00001
7891236447157,00001
7891236447164,00002
7891236447195,00001
7891236447201,00001
7891236447638,00002
7891236447645,00003
7891236447652,00002
7891236448000,00001
7891236448017,00002
7891236448031,00001
7891236448048,00001
7891236448475,00001
7891236448482,00002
7891236448499,00001
7891236448505,00001
7891236448673,00001
7891236448680,00001
7891236448697,00002
7891236448710,00001
7891236448871,00001
7891236448888,00001
7891236448932,00002
7891236449380,00002
7891236449397,00001
7891236449403,00001
7891236449472,00001
7891236449489,00002
7891236449496,00001
7891236449502,00001
7891236449984,00002
7891236449991,00002
7891236450003,00001
7891236450010,00001
7891236450027,00001
7891236450034,00001
7891236450041,00002
7891236450058,00001
7891236450065,00001
7891236450157,00002
7891236450164,00002
7891236450966,00001
7891236450973,00002
7891236450980,00001
7891236450997,00001
7891236451451,00001
7891236451468,00001
7891236451475,00001
7891236451482,00001
7891236451499,00001
7891236451505,00001
7891236451512,00003
7891236451529,00002
7891236451536,00001
7891236451550,00001
7891236451567,00001
7891236451574,00002
7891236451598,00001
7891236451611,00002
7891236451628,00001
7891236451635,00001
7891236451642,00001
7891236451758,00001
7891236451765,00001
7891236451772,00002
7891236451789,00001
7891236452205,00001
7891236452212,00002
7891236452229,00001
7891236452236,00001
7891236452250,00001
7891236452267,00001
7891236452274,00001
7891236452281,00001
7891236453394,00002
7891236453400,00001
7891236453417,00001
7891236453424,00002
7891236453998,00001
7891236454001,00002
7891236454018,00001
7891236454025,00001
7891236454049,00001
7891236454056,00002
7891236454063,00002
7891236454360,00001
7891236454377,00001
7891236454384,00001
7891236454391,00001
7891236454407,00001
7891236454414,00001
7891236454421,00001
7891236454438,00001
7891236454445,00001
7891236454452,00001
7891236454612,00001
7891236454629,00002
7891236455411,00001
7891236455428,00001
7891236455435,00001
7891236455442,00001
7891236455459,00001
7891236455718,00001
7891236455725,00001
7891236455732,00001
7891236455749,00001
7891236455756,00001
7891236455763,00001
7891236455770,00002
7891236455787,00002
7891236455817,00001
7891236455824,00002
7891236455831,00001
7891236455848,00001
7891236456104,00001
7891236456111,00001
7891236456128,00001
7891236456135,00001
7891236456142,00001
7891236456395,00001
7891236456418,00001
7891236456425,00001
7891236456432,00001
7891236456449,00001
7891236456456,00002
7891236456463,00001
7891236456470,00001
7891236456494,00001
7891236456517,00001
7891236456524,00001
7891236456531,00001
7891236456821,00001
7891236456838,00001
7891236456944,00001
7891236456951,00001
7891236456968,00001
7891236456975,00001
7891236456982,00001
7891236457040,00001
7891236457057,00001
7891236457064,00001
7891236457071,00001
7891236457095,00001
7891236457101,00001
7891236457118,00001
7891236457125,00001
7891236457132,00001
7891236457590,00001
7891236457606,00001
7891236457613,00001
7891236457651,00001
7891236457811,00001
7891236457835,00001
7891236457842,00001
7891236457859,00001
7891236457880,00001
7891236457897,00001
7891236457903,00001
7891236457927,00001
7891236457958,00001
7891236457965,00001
7891236457972,00002
7891236457989,00001
7891236457996,00001
7891236458511,00001
7891236458528,00001
7891236458535,00001
7891236458542,00001
7891236458610,00001
7891236458627,00001
7891236458634,00001
7891236458641,00001
7891236458658,00001
7891236458757,00001
7891236458764,00001
7891236458771,00001
7891236458788,00001
7891236458795,00001
7891236459327,00001
7891236459334,00002
7891236459341,00001
7891236459358,00001
7891236459556,00002
7891236459563,00003
7891236459570,00001
7891236459587,00001
7891236459600,00002
7891236459617,00002
7891236459631,00001
7891236460101,00001
7891236460118,00002
7891236460125,00002
7891236460132,00001
7891236460149,00001
7891236460200,00001
7891236460217,00001
7891236460224,00001
7891236460231,00001
7891236460248,00001
7891236460309,00002
7891236460316,00001
7891236460323,00001
7891236460330,00001
7891236460354,00001
7891236460361,00001
7891236461078,00001
7891236461085,00001
7891236461092,00001
7891236461108,00001
7891236461115,00001
7891236461191,00001
7891236461207,00002
7891236461214,00002
7891236461221,00001
7891236461238,00001
7891236461375,00001
7891236461382,00001
7891236461481,00001
7891236461498,00003
7891236461504,00001
7891236461511,00001
7891236461528,00001
7891236463010,00001
7891236463027,00001
7891236463034,00001
7891236463041,00001
7891236463058,00001
7891236463379,00001
7891236463386,00002
7891236463393,00001
7891236463416,00001
7891236463638,00001
7891236463645,00001
7891236463652,00001
7891236463669,00001
7891236463683,00001
7891236463690,00001
7891236463706,00001
7891236463911,00001
7891236463928,00002
7891236463942,00001
7891236463959,00001
7891236464000,00002
7891236464017,00002
7891236464024,00001
7891236464208,00002
7891236464222,00001
7891236464246,00001
7891236464253,00001
7891236464260,00001
7891236464277,00001
7891236464284,00001
7891236464314,00001
7891236464321,00001
7891236464338,00002
7891236464345,00001
7891236465298,00001
7891236465304,00001
7891236465311,00001
7891236465328,00001
7891236465335,00001
7891236465373,00001
7891236465564,00001
7891236465571,00002
7891236465588,00001
7891236465595,00001
7891236465601,00001
7891236465618,00001
7891236465625,00001
7891236465632,00001
7891236465649,00001
7891236465717,00001
7891236465724,00001
7891236465731,00001
7891236465748,00001
7891236465755,00001
7891236465762,00002
7891236465779,00001
7891236465786,00001
7891236466097,00001
7891236466103,00002
7891236466110,00001
7891236466127,00001
7891236466141,00001
7891236466158,00003
7891236466806,00002
7891236466813,00003
7891236466820,00001
7891236466837,00001
7891236466851,00001
7891236466868,00001
7891236467025,00001
7891236467032,00001
7891236467049,00001
7891236467056,00001
7891236467063,00001
7891236467421,00002
7891236467438,00001
7891236467445,00001
7891236467452,00001
7891236467469,00001
7891236467476,00001
7891236467483,00001
7891236467490,00001
7891236467506,00001
7891236467711,00001
7891236467728,00001
7891236467735,00001
7891236467742,00001
7891236467759,00001
7891236470278,00002
7891236470285,00002
7891236470292,00001
7891236470452,00012
7891236470469,00020
7891236470476,00001
7891236470490,00001
7891236470568,00001
7891236470599,00001
7891236470735,00002
7891236470742,00002
7891236471862,00001
7891236471886,00001
7891236471893,00001
7891236471916,00001
7891236471923,00001
7891236471930,00001
7891236471947,00001
7891236471954,00001
7891236472029,00002
7891236472036,00002
7891236472043,00002
7891236472678,00001
7891236472685,00002
7891236472692,00001
7891236472708,00001
7891236472746,00001
7891236472753,00002
7891236472760,00002
7891236472777,00001
7891236472784,00001
7891236472821,00001
7891236472838,00001
7891236472845,00001
7891236472982,00002
7891236473149,00001
7891236473156,00001
7891236473255,00002
7891236473262,00001
7891236473279,00001
7891236473286,00001
7891236473293,00001
7891236473309,00001
7891236473316,00001
7891236473323,00001
7891236473330,00001
7891236473569,00001
7891236473590,00001
7891236473606,00002
7891236473613,00001
7891236473644,00001
7891236473651,00001
7891236473668,00002
7891236473866,00001
7891236473873,00001
7891236474085,00001
7891236474092,00002
7891236474108,00001
7891236474115,00001
7891236474139,00001
7891236474146,00002
7891236474153,00001
7891236474160,00001
7891236474283,00001
7891236474290,00001
7891236476706,00001
7891236476713,00002
7891236476720,00001
7891236476737,00001
7891236476768,00001
7891236476775,00001
7891236476782,00001
7891236476799,00001
7891236476850,00001
7891236476867,00001
7891236476874,00002
7891236476898,00001
7891236477154,00001
7891236477161,00002
7891236477178,00002
7891236477185,00001
7891236477192,00001
7891236478731,00002
7891236480314,00001
7891236480338,00001
7891236480345,00002
7891236480369,00001
7891236480376,00002
7891236480475,00002
7891236480482,00001
7891236480499,00001
7891236480505,00001
7891236480529,00001
7891236480536,00001
7891236481465,00001
7891236481489,00001
7891236481496,00001
7891236481502,00001
7891236481526,00001
7891236481533,00001
7891236481557,00003
7891236481601,00002
7891236481618,00002
7891236481625,00001
7891236481946,00001
7891236481953,00001
7891236481960,00002
7891236481977,00001
7891236481984,00001
7891236481991,00001
7891236482813,00001
7891236482820,00001
7891236482837,00001
7891236482844,00001
7891236482868,00001
7891236482875,00001
7891236482882,00001
7891236482899,00001
7891236482905,00001
7891236482974,00001
7891236482981,00001
7891236483223,00001
7891236483230,00001
7891236483278,00002
7891236483285,00001
7891236483292,00001
7891236483308,00001
7891236483735,00001
7891236483742,00003
7891236483766,00001
7891236483780,00001
7891236483797,00002
7891236483803,00001
7891236483810,00001
7891236484237,00001
7891236484244,00002
7891236484251,00001
7891236484268,00001
7891236484626,00001
7891236484633,00002
7891236484657,00002
7891236485142,00001
7891236485159,00003
7891236485173,00001
7891236485371,00001
7891236485388,00001
7891236485395,00001
7891236485401,00001
7891236485425,00002
7891236485432,00002
7891236485449,00001
7891236485456,00001
7891236485463,00001
7891236486903,00001
7891236486910,00001
7891236486927,00002
7891236486934,00001
7891236487498,00001
7891236487504,00001
7891236487511,00001
7891236487528,00001
7891236489164,00001
7891236489188,00001
7891236489256,00001
7891236489263,00001
7891236489270,00001
7891236489287,00001
7891236494649,00001
7891236494656,00001
7891236494663,00002
7891236494687,00001
7891236494694,00001
7891236494700,00002
7891236494717,00001
7891236494724,00001
7891236494762,00002
7891236495240,00001
7891236495257,00001
7891236495264,00002
7891236495271,00001
7891236495301,00001
7891236495318,00001
7891236495325,00001
7891236495332,00001
7891236495349,00001
7891236495530,00001
7891236495554,00001
7891236495561,00001
7891236495578,00001
7891236495585,00001
7891236495592,00002
7891236495608,00001
7891236495615,00001
7891236495646,00002
7891236495653,00002
7891236495660,00001